 n    Epsilon_{11}      Sigma_{11}    Epsilon_{22}
                         
0.0          0.0000    0.0000000000          0.0000
0.1          0.0005 19250192.4999999925         -0.0001
0.2          0.0010 38500384.9999999851         -0.0003
0.3          0.0015 57750577.4999999851         -0.0004
0.4          0.0020 77000769.9999999702         -0.0005
0.5          0.0025 96250962.4999999702         -0.0007
0.6          0.0030 115501154.9999999702         -0.0008
0.7          0.0035 134751347.4999999702         -0.0009
0.8          0.0040 154001539.9999999404         -0.0011
0.9          0.0045 173251732.5000000000         -0.0012
1.0          0.0050 192501924.9999999404         -0.0013
1.1          0.0055 211752117.4999999404         -0.0015
1.2          0.0060 231002309.9999999404         -0.0016
1.3          0.0065 250252502.4999999404         -0.0018
1.4          0.0070 269502694.9999999404         -0.0019
1.5          0.0075 288752887.4999999404         -0.0020
1.6          0.0080 308003079.9999998808         -0.0022
1.7          0.0085 327253272.4999999404         -0.0023
1.8          0.0090 346503465.0000000000         -0.0024
1.9          0.0095 365753657.4999998808         -0.0026
2.0          0.0100 385003849.9999998808         -0.0027
2.1          0.0105 404254042.4999999404         -0.0028
2.2          0.0110 423504234.9999998808         -0.0030
2.3          0.0115 442754427.4999998212         -0.0031
2.4          0.0120 462004619.9999998808         -0.0032
2.5          0.0125 481254812.4999998808         -0.0034
2.6          0.0130 500505004.9999998808         -0.0035
2.7          0.0135 519755197.4999999404         -0.0036
2.8          0.0140 539005389.9999998808         -0.0038
2.9          0.0145 558255582.4999997616         -0.0039
3.0          0.0150 577505774.9999998808         -0.0040
3.1          0.0155 596755967.4999998808         -0.0042
3.2          0.0160 616006159.9999997616         -0.0043
3.3          0.0165 635256352.4999998808         -0.0045
3.4          0.0170 654506544.9999998808         -0.0046
3.5          0.0175 673756737.4999997616         -0.0047
3.6          0.0180 693006930.0000000000         -0.0049
3.7          0.0185 712257122.4999997616         -0.0050
3.8          0.0190 731507314.9999997616         -0.0051
3.9          0.0195 750757507.4999998808         -0.0053
4.0          0.0200 770007699.9999997616         -0.0054
4.1          0.0205 789257892.4999997616         -0.0055
4.2          0.0210 808508084.9999998808         -0.0057
4.3          0.0215 827758277.4999997616         -0.0058
4.4          0.0220 847008469.9999997616         -0.0059
4.5          0.0225 866258662.4999997616         -0.0061
4.6          0.0230 885508854.9999996424         -0.0062
4.7          0.0235 904759047.4999998808         -0.0063
4.8          0.0240 924009239.9999997616         -0.0065
4.9          0.0245 943259432.4999997616         -0.0066
5.0          0.0250 962509624.9999997616         -0.0067
5.1          0.0255 981759817.4999997616         -0.0069
5.2          0.0260 1001010009.9999997616         -0.0070
5.3          0.0265 1020260202.4999997616         -0.0072
5.4          0.0270 1039510394.9999998808         -0.0073
5.5          0.0275 1058760587.4999995232         -0.0074
5.6          0.0280 1078010779.9999997616         -0.0076
5.7          0.0285 1097260972.5000000000         -0.0077
5.8          0.0290 1116511164.9999995232         -0.0078
5.9          0.0295 1135761357.4999997616         -0.0080
6.0          0.0300 1155011549.9999997616         -0.0081
6.1          0.0305 1174261742.4999995232         -0.0082
6.2          0.0310 1193511934.9999997616         -0.0084
6.3          0.0315 1212762127.4999997616         -0.0085
6.4          0.0320 1232012319.9999995232         -0.0086
6.5          0.0325 1244949740.9821634293         -0.0088
6.6          0.0330 1169522999.8189482689         -0.0089
6.7          0.0335 1098666145.5477604866         -0.0090
6.8          0.0340 1032102302.7185195684         -0.0092
6.9          0.0345 969571370.9166531563         -0.0093
7.0          0.0350 910829008.4150664806         -0.0094
7.1          0.0355 855645677.4035377502         -0.0096
7.2          0.0360 803805747.0647325516         -0.0097
7.3          0.0365 755106650.9921041727         -0.0099
7.4          0.0370 709358095.6572540998         -0.0100
7.5          0.0375 666381316.8338357210         -0.0101
7.6          0.0380 626008381.0724564791         -0.0103
7.7          0.0385 588081529.4970723391         -0.0104
7.8          0.0390 552452561.3587549925         -0.0105
7.9          0.0395 518982254.9380393624         -0.0107
8.0          0.0400 487539823.5330346823         -0.0108
8.1          0.0405 458002404.4075427055         -0.0109
8.2          0.0410 430254578.7022436261         -0.0111
8.3          0.0415 404187920.4329998493         -0.0112
8.4          0.0420 379700572.8139627576         -0.0113
8.5          0.0425 356696850.2499703765         -0.0115
8.6          0.0430 335086864.4430040121         -0.0116
8.7          0.0435 314786173.1517114043         -0.0117
8.8          0.0440 295715450.2315133810         -0.0119
8.9          0.0445 277800175.6659677625         -0.0120
9.0          0.0450 260970344.3781895339         -0.0121
9.1          0.0455 245160192.6844893098         -0.0123
9.2          0.0460 230307941.3213504255         -0.0124
9.3          0.0465 216355554.0416134298         -0.0126
9.4          0.0470 203248510.8365814984         -0.0127
9.5          0.0475 190935594.8978995383         -0.0128
9.6          0.0480 179368692.4867624938         -0.0130
9.7          0.0485 168502604.9284373522         -0.0131
9.8          0.0490 158294871.9974569380         -0.0132
9.9          0.0495 148705606.0033682883         -0.0134
10.0          0.0500 139697335.9287135303         -0.0135
