      0              0
   0.10000E-01  0.200000E-004
   0.20000E-01  0.400000E-004
   0.30000E-01  0.600000E-004
   0.40000E-01  0.800000E-004
   0.50000E-01  0.100000E-003
   0.60000E-01  0.120000E-003
   0.70000E-01  0.140000E-003
   0.80000E-01  0.160000E-003
   0.90000E-01  0.180000E-003
   0.10000      0.200000E-003
   0.11000      0.220000E-003
   0.12000      0.240000E-003
   0.13000      0.260000E-003
   0.14000      0.280000E-003
   0.15000      0.300000E-003
   0.16000      0.320000E-003
   0.17000      0.340000E-003
   0.18000      0.360000E-003
   0.19000      0.380000E-003
   0.20000      0.400000E-003
   0.21000      0.420000E-003
   0.22000      0.440000E-003
   0.23000      0.460000E-003
   0.24000      0.480000E-003
   0.25000      0.500000E-003
   0.26000      0.520000E-003
   0.27000      0.540000E-003
   0.28000      0.560000E-003
   0.29000      0.580000E-003
   0.30000      0.600000E-003
   0.31000      0.620000E-003
   0.32000      0.640000E-003
   0.33000      0.660000E-003
   0.34000      0.680000E-003
   0.35000      0.700000E-003
   0.36000      0.720000E-003
   0.37000      0.740000E-003
   0.38000      0.760000E-003
   0.39000      0.780000E-003
   0.40000      0.800000E-003
   0.41000      0.820000E-003
   0.42000      0.840000E-003
   0.43000      0.860000E-003
   0.44000      0.880000E-003
   0.45000      0.900000E-003
   0.46000      0.920000E-003
   0.47000      0.940000E-003
   0.48000      0.960000E-003
   0.49000      0.980000E-003
   0.50000      0.100000E-002
   0.51000      0.102000E-002
   0.52000      0.104000E-002
   0.53000      0.106000E-002
   0.54000      0.108000E-002
   0.55000      0.110000E-002
   0.56000      0.112000E-002
   0.57000      0.114000E-002
   0.58000      0.116000E-002
   0.59000      0.118000E-002
   0.60000      0.120000E-002
   0.61000      0.122000E-002
   0.62000      0.124000E-002
   0.63000      0.126000E-002
   0.64000      0.128000E-002
   0.65000      0.130000E-002
   0.66000      0.132000E-002
   0.67000      0.134000E-002
   0.68000      0.136000E-002
   0.69000      0.138000E-002
   0.70000      0.140000E-002
   0.71000      0.142000E-002
   0.72000      0.144000E-002
   0.73000      0.146000E-002
   0.74000      0.148000E-002
   0.75000      0.150000E-002
   0.76000      0.152000E-002
   0.77000      0.154000E-002
   0.78000      0.156000E-002
   0.79000      0.158000E-002
   0.80000      0.160000E-002
   0.81000      0.162000E-002
   0.82000      0.164000E-002
   0.83000      0.166000E-002
   0.84000      0.168000E-002
   0.85000      0.170000E-002
   0.86000      0.172000E-002
   0.87000      0.174000E-002
   0.88000      0.176000E-002
   0.89000      0.178000E-002
   0.90000      0.180000E-002
   0.91000      0.182000E-002
   0.92000      0.184000E-002
   0.93000      0.186000E-002
   0.94000      0.188000E-002
   0.95000      0.190000E-002
   0.96000      0.192000E-002
   0.97000      0.194000E-002
   0.98000      0.196000E-002
   0.99000      0.198000E-002
    1.0000      0.200000E-002

