      0             0
   0.10000E-01 -0.660000E-005
   0.20000E-01 -0.132000E-004
   0.30000E-01 -0.198000E-004
   0.40000E-01 -0.264000E-004
   0.50000E-01 -0.330000E-004
   0.60000E-01 -0.396000E-004
   0.70000E-01 -0.462000E-004
   0.80000E-01 -0.528000E-004
   0.90000E-01 -0.594000E-004
   0.10000     -0.660000E-004
   0.11000     -0.726000E-004
   0.12000     -0.792000E-004
   0.13000     -0.858000E-004
   0.14000     -0.924000E-004
   0.15000     -0.990000E-004
   0.16000     -0.105600E-003
   0.17000     -0.112200E-003
   0.18000     -0.118800E-003
   0.19000     -0.125400E-003
   0.20000     -0.132000E-003
   0.21000     -0.138600E-003
   0.22000     -0.145200E-003
   0.23000     -0.151800E-003
   0.24000     -0.158400E-003
   0.25000     -0.165000E-003
   0.26000     -0.171600E-003
   0.27000     -0.178200E-003
   0.28000     -0.184800E-003
   0.29000     -0.191400E-003
   0.30000     -0.198000E-003
   0.31000     -0.204600E-003
   0.32000     -0.211200E-003
   0.33000     -0.217800E-003
   0.34000     -0.224400E-003
   0.35000     -0.231000E-003
   0.36000     -0.237600E-003
   0.37000     -0.244200E-003
   0.38000     -0.250800E-003
   0.39000     -0.257400E-003
   0.40000     -0.264000E-003
   0.41000     -0.270600E-003
   0.42000     -0.277200E-003
   0.43000     -0.283800E-003
   0.44000     -0.290400E-003
   0.45000     -0.297000E-003
   0.46000     -0.303600E-003
   0.47000     -0.310200E-003
   0.48000     -0.316800E-003
   0.49000     -0.323400E-003
   0.50000     -0.330000E-003
   0.51000     -0.336600E-003
   0.52000     -0.343200E-003
   0.53000     -0.349800E-003
   0.54000     -0.356400E-003
   0.55000     -0.363000E-003
   0.56000     -0.369600E-003
   0.57000     -0.376200E-003
   0.58000     -0.382800E-003
   0.59000     -0.389400E-003
   0.60000     -0.396000E-003
   0.61000     -0.402600E-003
   0.62000     -0.409200E-003
   0.63000     -0.415800E-003
   0.64000     -0.422400E-003
   0.65000     -0.429000E-003
   0.66000     -0.435600E-003
   0.67000     -0.442200E-003
   0.68000     -0.448800E-003
   0.69000     -0.455400E-003
   0.70000     -0.462000E-003
   0.71000     -0.468600E-003
   0.72000     -0.475200E-003
   0.73000     -0.481800E-003
   0.74000     -0.488400E-003
   0.75000     -0.495000E-003
   0.76000     -0.501600E-003
   0.77000     -0.508200E-003
   0.78000     -0.514800E-003
   0.79000     -0.521400E-003
   0.80000     -0.528000E-003
   0.81000     -0.534600E-003
   0.82000     -0.541200E-003
   0.83000     -0.547800E-003
   0.84000     -0.554400E-003
   0.85000     -0.561000E-003
   0.86000     -0.567600E-003
   0.87000     -0.574200E-003
   0.88000     -0.580800E-003
   0.89000     -0.587400E-003
   0.90000     -0.594000E-003
   0.91000     -0.600600E-003
   0.92000     -0.607200E-003
   0.93000     -0.613800E-003
   0.94000     -0.620400E-003
   0.95000     -0.627000E-003
   0.96000     -0.633600E-003
   0.97000     -0.640200E-003
   0.98000     -0.646800E-003
   0.99000     -0.653400E-003
    1.0000     -0.660000E-003

