 n    Epsilon_{11}      Sigma_{11}    Epsilon_{22}      Sigma_{22}    Epsilon_{33}
                         
0.0         0.00000         0.00000         0.00000         0.00000         0.00000
0.1         0.00200 118500150.53150         0.00200  25754698.58030        -0.00144
0.2         0.00400 237000301.06299         0.00400  51509397.16059        -0.00289
0.3         0.00600 355500451.59449         0.00600  77264095.74089        -0.00433
0.4         0.00800 474000602.12599         0.00800 103018794.32118        -0.00577
0.5         0.01000 592500752.65749         0.01000 128773492.90148        -0.00721
0.6         0.01200 711000903.18898         0.01200 154528191.48177        -0.00866
0.7         0.01400 829501053.72048         0.01400 180282890.06207        -0.01010
0.8         0.01600 948001204.25198         0.01600 206037588.64236        -0.01154
0.9         0.01800 1066501354.78348         0.01800 231792287.22266        -0.01299
1.0         0.02000 1185001505.31498         0.02000 257546985.80295        -0.01443
1.1         0.02200 1303501655.84647         0.02200 283301684.38325        -0.01587
1.2         0.02400 1422001806.37797         0.02400 309056382.96354        -0.01732
1.3         0.02600 1540501956.90947         0.02600 334811081.54384        -0.01876
1.4         0.02800 1659002107.44096         0.02800 360565780.12414        -0.02020
1.5         0.03000 1777502257.97246         0.03000 386320478.70443        -0.02164
1.6         0.03200 1896002408.50396         0.03200 412075177.28473        -0.02309
1.7         0.03400 2014502559.03546         0.03400 437829875.86502        -0.02453
1.8         0.03600 2133002709.56696         0.03600 463584574.44532        -0.02597
1.9         0.03800 2251502860.09845         0.03800 489339273.02561        -0.02742
2.0         0.04000 2370003010.62995         0.04000 515093971.60591        -0.02886
2.1         0.04200 2488503161.16145         0.04200 540848670.18620        -0.03030
2.2         0.04400 2385503716.42204         0.04400 518462878.76481        -0.03175
2.3         0.04600 2041866797.13112         0.04600 443777190.70700        -0.03319
2.4         0.04800 1744428606.20899         0.04800 379132285.87685        -0.03463
2.5         0.05000 1487731772.60900         0.05000 323342064.96800        -0.03607
2.6         0.05200 1266779409.60560         0.05200 275320509.85408        -0.03752
2.7         0.05400 1077047492.74631         0.05400 234084373.79977        -0.03896
2.8         0.05600 914477619.47720         0.05600 198751607.84543        -0.04040
2.9         0.05800 775456856.11894         0.05800 168536980.76998        -0.04185
3.0         0.06000 656789591.43418         0.06000 142745961.77468        -0.04329
3.1         0.06200 555664956.90329         0.06200 120767639.64003        -0.04473
3.2         0.06400 469622345.79833         0.06400 102067228.67742        -0.04617
3.3         0.06600 396516790.83592         0.06600  86178543.94447        -0.04762
3.4         0.06800 334485384.67273         0.06800  72696703.11069        -0.04906
3.5         0.07000 281915502.81267         0.07000  61271220.05742        -0.05050
3.6         0.07200 237415278.85567         0.07200  51599587.99933        -0.05195
3.7         0.07400 199786559.67629         0.07400  43421401.59130        -0.05339
3.8         0.07600 168000411.60261         0.07600  36513033.46691        -0.05483
3.9         0.07800 141175141.41258         0.07800  30682857.34494        -0.05628
4.0         0.08000 118556725.26126         0.08000  25766994.47280        -0.05772
4.1         0.08200  99501494.76898         0.08200  21625550.63913        -0.05916
4.2         0.08400  83460905.03978         0.08400  18139305.67090        -0.06060
4.3         0.08600  69968198.74001         0.08600  15206815.01815        -0.06205
4.4         0.08800  58626779.34302         0.08800  12741882.80724        -0.06349
4.5         0.09000  49100112.10030         0.09000  10671366.92848        -0.06493
4.6         0.09200  41102980.91773         0.09200   8933278.81475        -0.06638
4.7         0.09400  34393941.40833         0.09400   7475143.19591        -0.06782
4.8         0.09600  28768823.74788         0.09600   6252586.01625        -0.06926
4.9         0.09800  24055152.72113         0.09800   5228121.69315        -0.07071
5.0         0.10000  20107365.92829         0.10000   4370113.84715        -0.07215
5.1         0.10200  16802724.13716         0.10200   3651886.46208        -0.07359
5.2         0.10400  14037819.97431         0.10400   3050965.08773        -0.07503
5.3         0.10600  11725602.41403         0.10600   2548430.14537        -0.07648
5.4         0.10800   9792844.78796         0.10800   2128366.62760        -0.07792
5.5         0.11000   8177993.29302         0.11000   1777396.49535        -0.07936
5.6         0.11200   6829341.24981         0.11200   1484281.87308        -0.08081
5.7         0.11400   5703481.70932         0.11400   1239588.73995        -0.08225
5.8         0.11600   4763997.48715         0.11600   1035402.22328        -0.08369
5.9         0.11800   3980353.39374         0.11800    865085.83693        -0.08513
6.0         0.12000   3326960.40034         0.12000    723078.08821        -0.08658
6.1         0.12200   2782385.80706         0.12200    604720.81659        -0.08802
6.2         0.12400   2328687.23178         0.12400    506114.44351        -0.08946
6.3         0.12600   1950851.48282         0.12600    423996.01764        -0.09091
6.4         0.12800   1636322.17516         0.12800    355636.54740        -0.09235
6.5         0.13000   1374602.35496         0.13000    298754.63585        -0.09379
6.6         0.13200   1156920.46101         0.13200    251443.88105        -0.09524
6.7         0.13400    975949.71804         0.13400    212111.88935        -0.09668
6.8         0.13600    825572.56688         0.13600    179429.07685        -0.09812
6.9         0.13800    700683.02425         0.13800    152285.71448        -0.09956
7.0         0.14000    597020.96158         0.14000    129755.91037        -0.10101
7.1         0.14200    511033.22531         0.14200    111067.42585        -0.10245
7.2         0.14400    439757.31282         0.14400     95576.39369        -0.10389
7.3         0.14600    380723.99016         0.14600     82746.15319        -0.10534
7.4         0.14800    331875.80669         0.14800     72129.54017        -0.10678
7.5         0.15000    291498.94322         0.15000     63354.07496        -0.10822
7.6         0.15200    258166.23716         0.15200     56109.57954        -0.10967
7.7         0.15400    230689.57210         0.15400     50137.82994        -0.11111
7.8         0.15600    208080.10885         0.15600     45223.91288        -0.11255
7.9         0.15800    189515.07951         0.15800     41189.00885        -0.11399
8.0         0.16000    174310.07208         0.16000     37884.36846        -0.11544
8.1         0.16200    161895.90607         0.16200     35186.28663        -0.11688
8.2         0.16400    151799.34540         0.16400     32991.91071        -0.11832
8.3         0.16600    143627.01733         0.16600     31215.74549        -0.11977
8.4         0.16800    137052.00874         0.16800     29786.74001        -0.12121
8.5         0.17000    131802.69762         0.17000     28645.86023        -0.12265
8.6         0.17200    127653.44983         0.17200     27744.06706        -0.12409
8.7         0.17400    124416.87179         0.17400     27040.63258        -0.12554
8.8         0.17600    121937.36084         0.17600     26501.73827        -0.12698
8.9         0.17800    120085.73727         0.17800     26099.30834        -0.12842
9.0         0.18000    118754.77788         0.18000     25810.03902        -0.12987
9.1         0.18200    117855.50053         0.18200     25614.59103        -0.13131
9.2         0.18400    117314.07429         0.18400     25496.91801        -0.13275
9.3         0.18600    117069.25032         0.18600     25443.70823        -0.13420
9.4         0.18800    117070.22638         0.18800     25443.92036        -0.13564
9.5         0.19000    117274.87210         0.19000     25488.39785        -0.13708
9.6         0.19200    117648.25433         0.19200     25569.54835        -0.13852
9.7         0.19400    118161.41227         0.19400     25681.07756        -0.13997
9.8         0.19600    118790.34008         0.19600     25817.76807        -0.14141
9.9         0.19800    119515.14213         0.19800     25975.29579        -0.14285
10.0         0.20000    120319.33170         0.20000     26150.07751        -0.14430
