 n    Epsilon_{11}      Sigma_{11}    Epsilon_{22}      Sigma_{22}    Epsilon_{33}
                         
0.0         0.00000         0.00000         0.00000         0.00000         0.00000
0.1         0.00200 118498965.54184         0.00200  25754441.03588        -0.00144
0.2         0.00400 236997931.08368         0.00400  51508882.07177        -0.00289
0.3         0.00600 354891633.70521         0.00600  73047708.05756        -0.00427
0.4         0.00800 471981588.77586         0.00800  89276776.98950        -0.00559
0.5         0.01000 588541513.98670         0.01000 102341673.66559        -0.00685
0.6         0.01200 704611260.95796         0.01200 112681733.42392        -0.00807
0.7         0.01400 820228054.84959         0.01400 120681487.91310        -0.00925
0.8         0.01600 935426655.75937         0.01600 126677139.43875        -0.01039
0.9         0.01800 1050239510.62531         0.01800 130962296.81386        -0.01149
1.0         0.02000 1164696896.17460         0.02000 133793054.83310        -0.01256
1.1         0.02200 1278827053.43122         0.02200 135392490.53616        -0.01360
1.2         0.02400 1392656314.26548         0.02400 135954641.43163        -0.01461
1.3         0.02600 1506209220.44182         0.02600 135648023.71958        -0.01560
1.4         0.02800 1619508635.59565         0.02800 134618742.18511        -0.01656
1.5         0.03000 1732575850.54571         0.03000 132993237.75616        -0.01751
1.6         0.03200 1845430682.32564         0.03200 130880713.65377        -0.01843
1.7         0.03400 1958091567.29705         0.03400 128375276.54544        -0.01934
1.8         0.03600 2070575648.68565         0.03600 125557825.08477        -0.02022
1.9         0.03800 2182898858.86305         0.03800 122497714.63037        -0.02110
2.0         0.04000 2295075996.67851         0.04000 119254223.73727        -0.02196
2.1         0.04200 2407120800.12780         0.04200 115877845.16306        -0.02281
2.2         0.04400 2410787145.71325         0.04400 111255503.24510        -0.02323
2.3         0.04600 2280523617.10516         0.04600 105243966.94852        -0.02310
2.4         0.04800 2153220627.62240         0.04800  99369056.67919        -0.02293
2.5         0.05000 2029494367.87460         0.05000  93659209.03986        -0.02272
2.6         0.05200 1909816941.49602         0.05200  88136211.15824        -0.02248
2.7         0.05400 1794538208.35169         0.05400  82816208.72989        -0.02221
2.8         0.05600 1683904775.27152         0.05600  77710582.42233        -0.02190
2.9         0.05800 1578076479.39922         0.05800  72826708.56571        -0.02158
3.0         0.06000 1477140669.39607         0.06000  68168618.21654        -0.02124
3.1         0.06200 1381124554.35132         0.06200  63737567.04807        -0.02087
3.2         0.06400 1290005858.83387         0.06400  59532527.07062        -0.02050
3.3         0.06600 1203721994.63845         0.06600  55550609.89886        -0.02011
3.4         0.06800 1122177935.04544         0.06800  51787430.14124        -0.01970
3.5         0.07000 1045252955.48002         0.07000  48237416.47500        -0.01929
3.6         0.07200 972806385.01474         0.07200  44894077.07242        -0.01888
3.7         0.07400 904682495.93412         0.07400  41750225.24952        -0.01846
3.8         0.07600 840714643.32453         0.07600  38798170.50415        -0.01803
3.9         0.07800 780728753.14897         0.07800  36029879.48727        -0.01760
4.0         0.08000 724546245.31871         0.08000  33437110.89990        -0.01717
4.1         0.08200 671986467.70838         0.08200  31011527.82058        -0.01674
4.2         0.08400 622868707.72309         0.08400  28744790.53722        -0.01632
4.3         0.08600 577013839.77803         0.08600  26628632.57672        -0.01589
4.4         0.08800 534245659.76869         0.08800  24654922.28950        -0.01547
4.5         0.09000 494391951.18615         0.09000  22815712.04963        -0.01505
4.6         0.09200 457285321.86702         0.09200  21103276.87012        -0.01463
4.7         0.09400 422763845.37746         0.09400  19510144.00211        -0.01422
4.8         0.09600 390671536.63690         0.09600  18029114.88447        -0.01381
4.9         0.09800 360858687.52131         0.09800  16653280.63157        -0.01341
5.0         0.10000 333182084.78839         0.10000  15376032.09031        -0.01302
5.1         0.10200 307505129.68248         0.10200  14191065.35975        -0.01263
5.2         0.10400 283697875.95853         0.10400  13092383.54595        -0.01225
5.3         0.10600 261637000.76892         0.10600  12074295.41834        -0.01188
5.4         0.10800 241205720.84669         0.10800  11131411.54171        -0.01151
5.5         0.11000 222293664.66025         0.11000  10258638.37625        -0.01115
5.6         0.11200 204796709.67833         0.11200   9451170.76749        -0.01080
5.7         0.11400 188616792.54345         0.11400   8704483.18600        -0.01046
5.8         0.11600 173661698.78365         0.11600   8014320.02279        -0.01012
5.9         0.11800 159844837.67602         0.11800   7376685.19944        -0.00980
6.0         0.12000 147085006.99235         0.12000   6787831.31138        -0.00948
6.1         0.12200 135306151.59140         0.12200   6244248.48715        -0.00916
6.2         0.12400 124437119.15937         0.12400   5742653.11604        -0.00886
6.3         0.12600 114411415.82748         0.12600   5279976.57010        -0.00856
6.4         0.12800 105166963.90215         0.12800   4853354.02360        -0.00828
6.5         0.13000  96645863.51865         0.13000   4460113.45358        -0.00800
6.6         0.13200  88794159.66561         0.13200   4097764.88828        -0.00772
6.7         0.13400  81561615.71651         0.13400   3763989.95579        -0.00746
6.8         0.13600  74901494.33959         0.13600   3456631.77331        -0.00720
6.9         0.13800  68770346.43270         0.13800   3173685.20664        -0.00695
7.0         0.14000  63127808.53988         0.14000   2913287.52120        -0.00671
7.1         0.14200  57936409.04672         0.14200   2673709.43808        -0.00647
7.2         0.14400  53161383.31819         0.14400   2453346.60291        -0.00624
7.3         0.14600  48770497.83225         0.14600   2250711.46969        -0.00602
7.4         0.14800  44733883.27096         0.14800   2064425.59820        -0.00580
7.5         0.15000  41023876.45704         0.15000   1893212.35946        -0.00560
7.6         0.15200  37614870.96390         0.15200   1735890.04157        -0.00539
7.7         0.15400  34483176.17961         0.15400   1591365.34562        -0.00520
7.8         0.15600  31606884.56887         0.15600   1458627.25997        -0.00501
7.9         0.15800  28965746.84886         0.15800   1336741.29973        -0.00483
8.0         0.16000  26541054.77489         0.16000   1224844.09745        -0.00465
8.1         0.16200  24315531.21789         0.16200   1122138.33027        -0.00448
8.2         0.16400  22273227.20741         0.16400   1027887.96857        -0.00431
8.3         0.16600  20399425.60985         0.16600    941413.83082        -0.00415
8.4         0.16800  18680551.11147         0.16800    862089.42938        -0.00400
8.5         0.17000  17104086.17846         0.17000    789337.09213        -0.00385
8.6         0.17200  15658492.67177         0.17200    722624.34506        -0.00370
8.7         0.17400  14333138.80131         0.17400    661460.54132        -0.00356
8.8         0.17600  13118231.11344         0.17600    605393.72246        -0.00343
8.9         0.17800  12004751.21499         0.17800    554007.69833        -0.00330
9.0         0.18000  10984396.94852         0.18000    506919.33235        -0.00317
9.1         0.18200  10049527.74440         0.18200    463776.01962        -0.00305
9.2         0.18400   9193113.88768         0.18400    424253.34554        -0.00293
9.3         0.18600   8408689.44942         0.18600    388052.91375        -0.00282
9.4         0.18800   7690308.64457         0.18800    354900.33199        -0.00271
9.5         0.19000   7032505.39039         0.19000    324543.34580        -0.00261
9.6         0.19200   6430255.85155         0.19200    296750.11003        -0.00251
9.7         0.19400   5878943.76975         0.19400    271307.58882        -0.00241
9.8         0.19600   5374328.38698         0.19600    248020.07525        -0.00232
9.9         0.19800   4912514.78280         0.19800    226707.82252        -0.00222
10.0         0.20000   4489926.45670         0.20000    207205.77856        -0.00214
