 n    Epsilon_{11}      Sigma_{11}    Epsilon_{22}    Epsilon_{33}
                         
0.0         0.00000         0.00000         0.00000         0.00000
0.1         0.00200 110000000.00000        -0.00066        -0.00066
0.2         0.00400 220000000.00000        -0.00132        -0.00132
0.3         0.00600 330000000.00000        -0.00198        -0.00198
0.4         0.00800 440000000.00000        -0.00264        -0.00264
0.5         0.01000 550000000.00000        -0.00330        -0.00330
0.6         0.01200 660000000.00000        -0.00396        -0.00396
0.7         0.01400 770000000.00000        -0.00462        -0.00462
0.8         0.01600 880000000.00000        -0.00528        -0.00528
0.9         0.01800 990000000.00000        -0.00594        -0.00594
1.0         0.02000 1100000000.00000        -0.00660        -0.00660
1.1         0.02200 1210000000.00000        -0.00726        -0.00726
1.2         0.02400 1320000000.00000        -0.00792        -0.00792
1.3         0.02600 1430000000.00000        -0.00858        -0.00858
1.4         0.02800 1540000000.00000        -0.00924        -0.00924
1.5         0.03000 1650000000.00000        -0.00990        -0.00990
1.6         0.03200 1760000000.00000        -0.01056        -0.01056
1.7         0.03400 1870000000.00000        -0.01122        -0.01122
1.8         0.03600 1980000000.00000        -0.01188        -0.01188
1.9         0.03800 2090000000.00000        -0.01254        -0.01254
2.0         0.04000 2200000000.00000        -0.01320        -0.01320
2.1         0.04200 2310000000.00000        -0.01386        -0.01386
2.2         0.04400 2420000000.00000        -0.01452        -0.01452
2.3         0.04600 2474266114.72202        -0.01518        -0.01518
2.4         0.04800 2382154195.84233        -0.01584        -0.01584
2.5         0.05000 2293471417.24356        -0.01650        -0.01650
2.6         0.05200 2208090118.97458        -0.01716        -0.01716
2.7         0.05400 2125887393.60571        -0.01782        -0.01782
2.8         0.05600 2046744909.30218        -0.01848        -0.01848
2.9         0.05800 1970548739.48387        -0.01914        -0.01914
3.0         0.06000 1897189198.82663        -0.01980        -0.01980
3.1         0.06200 1826560685.36888        -0.02046        -0.02046
3.2         0.06400 1758561528.49629        -0.02112        -0.02112
3.3         0.06600 1693093842.58573        -0.02178        -0.02178
3.4         0.06800 1630063386.09761        -0.02244        -0.02244
3.5         0.07000 1569379425.91420        -0.02310        -0.02310
3.6         0.07200 1510954606.72797        -0.02376        -0.02376
3.7         0.07400 1454704825.29270        -0.02442        -0.02442
3.8         0.07600 1400549109.35577        -0.02508        -0.02508
3.9         0.07800 1348409501.09763        -0.02574        -0.02574
4.0         0.08000 1298210944.91053        -0.02640        -0.02640
4.1         0.08200 1249881179.35510        -0.02706        -0.02706
4.2         0.08400 1203350633.13901        -0.02772        -0.02772
4.3         0.08600 1158552324.96836        -0.02838        -0.02838
4.4         0.08800 1115421767.12724        -0.02904        -0.02904
4.5         0.09000 1073896872.64684        -0.02970        -0.02970
4.6         0.09200 1033917865.93054        -0.03036        -0.03036
4.7         0.09400 995427196.70617        -0.03102        -0.03102
4.8         0.09600 958369457.18169        -0.03168        -0.03168
4.9         0.09800 922691302.28498        -0.03234        -0.03234
5.0         0.10000 888341372.87304        -0.03300        -0.03300
5.1         0.10200 855270221.79973        -0.03366        -0.03366
5.2         0.10400 823430242.73609        -0.03432        -0.03432
5.3         0.10600 792775601.64041        -0.03498        -0.03498
5.4         0.10800 763262170.77960        -0.03564        -0.03564
5.5         0.11000 734847465.20672        -0.03630        -0.03630
5.6         0.11200 707490581.60343        -0.03696        -0.03696
5.7         0.11400 681152139.39908        -0.03762        -0.03762
5.8         0.11600 655794224.08199        -0.03828        -0.03828
5.9         0.11800 631380332.62101        -0.03894        -0.03894
6.0         0.12000 607875320.91893        -0.03960        -0.03960
6.1         0.12200 585245353.22213        -0.04026        -0.04026
6.2         0.12400 563457853.41362        -0.04092        -0.04092
6.3         0.12600 542481458.11929        -0.04158        -0.04158
6.4         0.12800 522285971.55999        -0.04224        -0.04224
6.5         0.13000 502842322.08426        -0.04290        -0.04290
6.6         0.13200 484122520.31940        -0.04356        -0.04356
6.7         0.13400 466099618.88040        -0.04422        -0.04422
6.8         0.13600 448747673.57884        -0.04488        -0.04488
6.9         0.13800 432041706.07592        -0.04554        -0.04554
7.0         0.14000 415957667.92582        -0.04620        -0.04620
7.1         0.14200 400472405.95768        -0.04686        -0.04686
7.2         0.14400 385563628.94633        -0.04752        -0.04752
7.3         0.14600 371209875.52379        -0.04818        -0.04818
7.4         0.14800 357390483.28536        -0.04884        -0.04884
7.5         0.15000 344085559.04586        -0.04950        -0.04950
7.6         0.15200 331275950.20309        -0.05016        -0.05016
7.7         0.15400 318943217.16749        -0.05082        -0.05082
7.8         0.15600 307069606.81808        -0.05148        -0.05148
7.9         0.15800 295638026.94664        -0.05214        -0.05214
8.0         0.16000 284632021.65327        -0.05280        -0.05280
8.1         0.16200 274035747.65789        -0.05346        -0.05346
8.2         0.16400 263833951.49368        -0.05412        -0.05412
8.3         0.16600 254011947.54952        -0.05478        -0.05478
8.4         0.16800 244555596.92987        -0.05544        -0.05544
8.5         0.17000 235451287.10161        -0.05610        -0.05610
8.6         0.17200 226685912.29872        -0.05676        -0.05676
8.7         0.17400 218246854.65630        -0.05742        -0.05742
8.8         0.17600 210121966.04702        -0.05808        -0.05808
8.9         0.17800 202299550.59372        -0.05874        -0.05874
9.0         0.18000 194768347.83311        -0.05940        -0.05940
9.1         0.18200 187517516.50613        -0.06006        -0.06006
9.2         0.18400 180536618.95183        -0.06072        -0.06072
9.3         0.18600 173815606.08230        -0.06138        -0.06138
9.4         0.18800 167344802.91678        -0.06204        -0.06204
9.5         0.19000 161114894.65449        -0.06270        -0.06270
9.6         0.19200 155116913.26582        -0.06336        -0.06336
9.7         0.19400 149342224.58274        -0.06402        -0.06402
9.8         0.19600 143782515.86983        -0.06468        -0.06468
9.9         0.19800 138429783.85798        -0.06534        -0.06534
10.0         0.20000 133276323.22358        -0.06600        -0.06600
