 n    Epsilon_{11}      Sigma_{11}    Epsilon_{22}      Sigma_{22}    Epsilon_{33}
                         
0.0         0.00000         0.00000         0.00000         0.00000         0.00000
0.1         0.00200 118498965.54184         0.00200  25754441.03588        -0.00144
0.2         0.00400 236997931.08368         0.00400  49964427.67191        -0.00289
0.3         0.00600 355496896.62553         0.00600  49361147.01605        -0.00433
0.4         0.00800 473995862.16737         0.00800  48765150.49347        -0.00577
0.5         0.01000 592494827.70921         0.01000  48176350.15404        -0.00721
0.6         0.01200 710993793.25105         0.01200  47594659.10960        -0.00866
0.7         0.01400 829492758.79289         0.01400  47019991.52107        -0.01010
0.8         0.01600 947991724.33474         0.01600  46452262.58581        -0.01154
0.9         0.01800 1066490689.87658         0.01800  45891388.52512        -0.01299
1.0         0.02000 1184989655.41842         0.02000  45337286.57184        -0.01443
1.1         0.02200 1303488620.96026         0.02200  44789874.95818        -0.01587
1.2         0.02400 1421987586.50210         0.02400  44249072.90361        -0.01732
1.3         0.02600 1540486552.04395         0.02600  43714800.60297        -0.01876
1.4         0.02800 1658985517.58579         0.02800  43186979.21470        -0.02020
1.5         0.03000 1777484483.12763         0.03000  42665530.84915        -0.02164
1.6         0.03200 1895983448.66947         0.03200  42150378.55717        -0.02309
1.7         0.03400 2014482414.21132         0.03400  41641446.31867        -0.02453
1.8         0.03600 2132981379.75316         0.03600  41138659.03147        -0.02597
1.9         0.03800 2251480345.29500         0.03800  40641942.50017        -0.02742
2.0         0.04000 2369979310.83684         0.04000  40151223.42524        -0.02886
2.1         0.04200 2488478276.37868         0.04200  39666429.39217        -0.03030
2.2         0.04400 2409440687.84393         0.04400  39187488.86079        -0.03175
2.3         0.04600 2312952266.67268         0.04600  38714331.15475        -0.03319
2.4         0.04800 2220327819.18921         0.04800  38246886.45102        -0.03463
2.5         0.05000 2131412608.76837         0.05000  37785085.76967        -0.03607
2.6         0.05200 2046058095.36527         0.05200  37328860.96361        -0.03752
2.7         0.05400 1964121687.36715         0.05400  36878144.70859        -0.03896
2.8         0.05600 1885466503.38258         0.05600  36432870.49325        -0.04040
2.9         0.05800 1809961143.57002         0.05800  35992972.60930        -0.04185
3.0         0.06000 1737479470.12378         0.06000  35558386.14182        -0.04329
3.1         0.06200 1667900396.55060         0.06200  35129046.95968        -0.04473
3.2         0.06400 1601107685.38489         0.06400  34704891.70610        -0.04617
3.3         0.06600 1536989754.00465         0.06600  34285857.78926        -0.04762
3.4         0.06800 1475439488.22367         0.06800  33871883.37312        -0.04906
3.5         0.07000 1416354063.34865         0.07000  33462907.36822        -0.05050
3.6         0.07200 1359634772.40221         0.07200  33058869.42274        -0.05195
3.7         0.07400 1305186861.22494         0.07400  32659709.91354        -0.05339
3.8         0.07600 1252919370.18089         0.07600  32265369.93738        -0.05483
3.9         0.07800 1202744982.20216         0.07800  31875791.30226        -0.05628
4.0         0.08000 1154579876.91866         0.08000  31490916.51877        -0.05772
4.1         0.08200 1108343590.62947         0.08200  31110688.79164        -0.05916
4.2         0.08400 1063958881.88164         0.08400  30735052.01138        -0.06060
4.3         0.08600 1021351602.43217         0.08600  30363950.74596        -0.06205
4.4         0.08800 980450573.37734         0.08800  29997330.23265        -0.06349
4.5         0.09000 941187466.24259         0.09000  29635136.36994        -0.06493
4.6         0.09200 903496688.83434         0.09200  29277315.70955        -0.06638
4.7         0.09400 867315275.66285         0.09400  28923815.44855        -0.06782
4.8         0.09600 832582782.75334         0.09600  28574583.42156        -0.06926
4.9         0.09800 799241186.66943         0.09800  28229568.09304        -0.07071
5.0         0.10000 767234787.58028         0.10000  27888718.54973        -0.07215
5.1         0.10200 736510116.20954         0.10200  27551984.49310        -0.07359
5.2         0.10400 707015844.51062         0.10400  27219316.23191        -0.07503
5.3         0.10600 678702699.91898         0.10600  26890664.67492        -0.07648
5.4         0.10800 651523383.03841         0.10800  26565981.32364        -0.07792
5.5         0.11000 625432488.62350         0.11000  26245218.26514        -0.07936
5.6         0.11200 600386429.72653         0.11200  25928328.16501        -0.08081
5.7         0.11400 576343364.88197         0.11400  25615264.26036        -0.08225
5.8         0.11600 553263128.20690         0.11600  25305980.35293        -0.08369
5.9         0.11800 531107162.30067         0.11800  25000430.80227        -0.08513
6.0         0.12000 509838453.83166         0.12000  24698570.51899        -0.08658
6.1         0.12200 489421471.70348         0.12200  24400354.95813        -0.08802
6.2         0.12400 469822107.69745         0.12400  24105740.11256        -0.08946
6.3         0.12600 451007619.49204         0.12600  23814682.50653        -0.09091
6.4         0.12800 432946575.96416         0.12800  23527139.18920        -0.09235
6.5         0.13000 415608804.68096         0.13000  23243067.72833        -0.09379
6.6         0.13200 398965341.49432         0.13200  22962426.20402        -0.09524
6.7         0.13400 382988382.15390         0.13400  22685173.20252        -0.09668
6.8         0.13600 367651235.85791         0.13600  22411267.81011        -0.09812
6.9         0.13800 352928280.66397         0.13800  22140669.60709        -0.09956
7.0         0.14000 338794920.68555         0.14000  21873338.66178        -0.10101
7.1         0.14200 325227545.00259         0.14200  21609235.52464        -0.10245
7.2         0.14400 312203488.21753         0.14400  21348321.22246        -0.10389
7.3         0.14600 299700992.59095         0.14600  21090557.25260        -0.10534
7.4         0.14800 287699171.69349         0.14800  20835905.57731        -0.10678
7.5         0.15000 276177975.51339         0.15000  20584328.61811        -0.10822
7.6         0.15200 265118156.96130         0.15200  20335789.25025        -0.10967
7.7         0.15400 254501239.71653         0.15400  20090250.79724        -0.11111
7.8         0.15600 244309487.36078         0.15600  19847677.02542        -0.11255
7.9         0.15800 234525873.74807         0.15800  19608032.13863        -0.11399
8.0         0.16000 225134054.56118         0.16000  19371280.77291        -0.11544
8.1         0.16200 216118340.00714         0.16200  19137387.99131        -0.11688
8.2         0.16400 207463668.60616         0.16400  18906319.27869        -0.11832
8.3         0.16600 199155582.03022         0.16600  18678040.53668        -0.11977
8.4         0.16800 191180200.94926         0.16800  18452518.07861        -0.12121
8.5         0.17000 183524201.84463         0.17000  18229718.62453        -0.12265
8.6         0.17200 176174794.75109         0.17200  18009609.29635        -0.12409
8.7         0.17400 169119701.89013         0.17400  17792157.61294        -0.12554
8.8         0.17600 162347137.15896         0.17600  17577331.48535        -0.12698
8.9         0.17800 155845786.44086         0.17800  17365099.21210        -0.12842
9.0         0.18000 149604788.70403         0.18000  17155429.47445        -0.12987
9.1         0.18200 143613717.85736         0.18200  16948291.33184        -0.13131
9.2         0.18400 137862565.33283         0.18400  16743654.21726        -0.13275
9.3         0.18600 132341723.36536         0.18600  16541487.93280        -0.13420
9.4         0.18800 127041968.94226         0.18800  16341762.64516        -0.13564
9.5         0.19000 121954448.39545         0.19000  16144448.88123        -0.13708
9.6         0.19200 117070662.61070         0.19200  15949517.52380        -0.13852
9.7         0.19400 112382452.82917         0.19400  15756939.80720        -0.13997
9.8         0.19600 107881987.01752         0.19600  15566687.31309        -0.14141
9.9         0.19800 103561746.78390         0.19800  15378731.96628        -0.14285
10.0         0.20000  99414514.81785         0.20000  15193046.03052        -0.14430
