 n    Epsilon_{11}      Sigma_{11}    Epsilon_{22}
                         
0.0          0.0000         0.00000          0.0000
0.1          0.0020 110000000.00001         -0.0007
0.2          0.0040 220000000.00001         -0.0013
0.3          0.0060 329999999.99999         -0.0020
0.4          0.0080 439999999.99999         -0.0026
0.5          0.0100 549999999.99999         -0.0033
0.6          0.0120 659999999.99999         -0.0040
0.7          0.0140 770000000.00000         -0.0046
0.8          0.0160 880000000.00000         -0.0053
0.9          0.0180 990000000.00000         -0.0059
1.0          0.0200 1100000000.00000         -0.0066
1.1          0.0220 1210000000.00000         -0.0073
1.2          0.0240 1320000000.00000         -0.0079
1.3          0.0260 1430000000.00000         -0.0086
1.4          0.0280 1540000000.00000         -0.0092
1.5          0.0300 1650000000.00000         -0.0099
1.6          0.0320 1760000000.00000         -0.0106
1.7          0.0340 1870000000.00000         -0.0112
1.8          0.0360 1980000000.00000         -0.0119
1.9          0.0380 2090000000.00000         -0.0125
2.0          0.0400 2200000000.00000         -0.0132
2.1          0.0420 2310000000.00000         -0.0139
2.2          0.0440 2420000000.00000         -0.0145
2.3          0.0460 2473382979.70087         -0.0152
2.4          0.0480 2378188922.23636         -0.0158
2.5          0.0500 2286658635.66820         -0.0165
2.6          0.0520 2198651111.01392         -0.0172
2.7          0.0540 2114030766.35886         -0.0178
2.8          0.0560 2032667237.98249         -0.0185
2.9          0.0580 1954435179.52379         -0.0191
3.0          0.0600 1879214068.87608         -0.0198
3.1          0.0620 1806888022.51413         -0.0205
3.2          0.0640 1737345616.96724         -0.0211
3.3          0.0660 1670479717.16336         -0.0218
3.4          0.0680 1606187311.37986         -0.0224
3.5          0.0700 1544369352.54651         -0.0231
3.6          0.0720 1484930605.65640         -0.0238
3.7          0.0740 1427779501.04956         -0.0244
3.8          0.0760 1372827993.34331         -0.0251
3.9          0.0780 1319991425.79200         -0.0257
4.0          0.0800 1269188399.86728         -0.0264
4.1          0.0820 1220340649.85776         -0.0271
4.2          0.0840 1173372922.29505         -0.0277
4.3          0.0860 1128212860.02044         -0.0284
4.4          0.0880 1084790890.71346         -0.0290
4.5          0.0900 1043040119.71072         -0.0297
4.6          0.0920 1002896226.94991         -0.0304
4.7          0.0940 964297367.88007         -0.0310
4.8          0.0960 927184078.18567         -0.0317
4.9          0.0980 891499182.17751         -0.0323
5.0          0.1000 857187704.70950         -0.0330
5.1          0.1020 824196786.48548         -0.0337
5.2          0.1040 792475602.62569         -0.0343
5.3          0.1060 761975284.36738         -0.0350
5.4          0.1080 732648843.77896         -0.0356
5.5          0.1100 704451101.37175         -0.0363
5.6          0.1120 677338616.49768         -0.0370
5.7          0.1140 651269620.42590         -0.0376
5.8          0.1160 626203951.99505         -0.0383
5.9          0.1180 602102995.74203         -0.0389
6.0          0.1200 578929622.41222         -0.0396
6.1          0.1220 556648131.75909         -0.0403
6.2          0.1240 535224197.54547         -0.0409
6.3          0.1260 514624814.66151         -0.0416
6.4          0.1280 494818248.27790         -0.0422
6.5          0.1300 475773984.95611         -0.0429
6.6          0.1320 457462685.64026         -0.0436
6.7          0.1340 439856140.45817         -0.0442
6.8          0.1360 422927225.26205         -0.0449
6.9          0.1380 406649859.84176         -0.0455
7.0          0.1400 390998967.74644         -0.0462
7.1          0.1420 375950437.65236         -0.0469
7.2          0.1440 361481086.21774         -0.0475
7.3          0.1460 347568622.36716         -0.0482
7.4          0.1480 334191612.95049         -0.0488
7.5          0.1500 321329449.72367         -0.0495
7.6          0.1520 308962317.60014         -0.0502
7.7          0.1540 297071164.12437         -0.0508
7.8          0.1560 285637670.12009         -0.0515
7.9          0.1580 274644221.46834         -0.0521
8.0          0.1600 264073881.97166         -0.0528
8.1          0.1620 253910367.26262         -0.0535
8.2          0.1640 244138019.71660         -0.0541
8.3          0.1660 234741784.33013         -0.0548
8.4          0.1680 225707185.52750         -0.0554
8.5          0.1700 217020304.86017         -0.0561
8.6          0.1720 208667759.56437         -0.0568
8.7          0.1740 200636681.94397         -0.0574
8.8          0.1760 192914699.54690         -0.0581
8.9          0.1780 185489916.10449         -0.0587
9.0          0.1800 178350893.20442         -0.0594
9.1          0.1820 171486632.66899         -0.0601
9.2          0.1840 164886559.61170         -0.0607
9.3          0.1860 158540506.14581         -0.0614
9.4          0.1880 152438695.72003         -0.0620
9.5          0.1900 146571728.05700         -0.0627
9.6          0.1920 140930564.67153         -0.0634
9.7          0.1940 135506514.94614         -0.0640
9.8          0.1960 130291222.74252         -0.0647
9.9          0.1980 125276653.52834         -0.0653
10.0          0.2000 120455081.99946         -0.0660
