 n    Epsilon_{11}      Sigma_{11}    Epsilon_{12}
                         
0.0          0.0000         0.00000          0.0000
0.1          0.0020 118498965.54184          0.0000
0.2          0.0040 236997931.08368          0.0000
0.3          0.0060 355496896.62553          0.0000
0.4          0.0080 473995862.16737          0.0000
0.5          0.0100 592494827.70921          0.0000
0.6          0.0120 710993793.25105          0.0000
0.7          0.0140 829492758.79289          0.0000
0.8          0.0160 947991724.33474          0.0000
0.9          0.0180 1066490689.87658          0.0000
1.0          0.0200 1184989655.41842          0.0000
1.1          0.0220 1303488620.96026          0.0000
1.2          0.0240 1421987586.50210          0.0000
1.3          0.0260 1540486552.04395          0.0000
1.4          0.0280 1658985517.58579          0.0000
1.5          0.0300 1777484483.12763          0.0000
1.6          0.0320 1895983448.66947          0.0000
1.7          0.0340 2014482414.21132          0.0000
1.8          0.0360 2132981379.75316          0.0000
1.9          0.0380 2251480345.29500          0.0000
2.0          0.0400 2369979310.83684          0.0000
2.1          0.0420 2488478276.37868          0.0000
2.2          0.0440 2499999999.94370          0.0000
2.3          0.0460 2499999999.88133          0.0000
2.4          0.0480 2499999999.81896          0.0000
2.5          0.0500 2499999999.75659          0.0000
2.6          0.0520 2499999999.69422          0.0000
2.7          0.0540 2499999999.63186          0.0000
2.8          0.0560 2499999999.56949          0.0000
2.9          0.0580 2499999999.50712          0.0000
3.0          0.0600 2499999999.44475          0.0000
3.1          0.0620 2499999999.38239          0.0000
3.2          0.0640 2499999999.32002          0.0000
3.3          0.0660 2499999999.25765          0.0000
3.4          0.0680 2499999999.19528          0.0000
3.5          0.0700 2499999999.13291          0.0000
3.6          0.0720 2499999999.07055          0.0000
3.7          0.0740 2499999999.00818          0.0000
3.8          0.0760 2499999998.94581          0.0000
3.9          0.0780 2499999998.88344          0.0000
4.0          0.0800 2499999998.82107          0.0000
4.1          0.0820 2499999998.75871          0.0000
4.2          0.0840 2499999998.69634          0.0000
4.3          0.0860 2499999998.63397          0.0000
4.4          0.0880 2499999998.57160          0.0000
4.5          0.0900 2499999998.50924          0.0000
4.6          0.0920 2499999998.44687          0.0000
4.7          0.0940 2499999998.38450          0.0000
4.8          0.0960 2499999998.32213          0.0000
4.9          0.0980 2499999998.25976          0.0000
5.0          0.1000 2499999998.19740          0.0000
5.1          0.1020 2499999998.13503          0.0000
5.2          0.1040 2499999998.07266          0.0000
5.3          0.1060 2499999998.01029          0.0000
5.4          0.1080 2499999997.94792          0.0000
5.5          0.1100 2499999997.88556          0.0000
5.6          0.1120 2499999997.82319          0.0000
5.7          0.1140 2499999997.76082          0.0000
5.8          0.1160 2499999997.69845          0.0000
5.9          0.1180 2499999997.63609          0.0000
6.0          0.1200 2499999997.57372          0.0000
6.1          0.1220 2499999997.51135          0.0000
6.2          0.1240 2499999997.44898          0.0000
6.3          0.1260 2499999997.38661          0.0000
6.4          0.1280 2499999997.32424          0.0000
6.5          0.1300 2499999997.26188          0.0000
6.6          0.1320 2499999997.19951          0.0000
6.7          0.1340 2499999997.13714          0.0000
6.8          0.1360 2499999997.07477          0.0000
6.9          0.1380 2499999997.01241          0.0000
7.0          0.1400 2499999996.95004          0.0000
7.1          0.1420 2499999996.88767          0.0000
7.2          0.1440 2499999996.82530          0.0000
7.3          0.1460 2499999996.76293          0.0000
7.4          0.1480 2499999996.70057          0.0000
7.5          0.1500 2499999996.63820          0.0000
7.6          0.1520 2499999996.57583          0.0000
7.7          0.1540 2499999996.51346          0.0000
7.8          0.1560 2499999996.45109          0.0000
7.9          0.1580 2499999996.38873          0.0000
8.0          0.1600 2499999996.32636          0.0000
8.1          0.1620 2499999996.26399          0.0000
8.2          0.1640 2499999996.20162          0.0000
8.3          0.1660 2499999996.13926          0.0000
8.4          0.1680 2499999996.07689          0.0000
8.5          0.1700 2499999996.01452          0.0000
8.6          0.1720 2499999995.95215          0.0000
8.7          0.1740 2499999995.88978          0.0000
8.8          0.1760 2499999995.82742          0.0000
8.9          0.1780 2499999995.76505          0.0000
9.0          0.1800 2499999995.70268          0.0000
9.1          0.1820 2499999995.64031          0.0000
9.2          0.1840 2499999995.57794          0.0000
9.3          0.1860 2499999995.51558          0.0000
9.4          0.1880 2499999995.45321          0.0000
9.5          0.1900 2499999995.39084          0.0000
9.6          0.1920 2499999995.32847          0.0000
9.7          0.1940 2499999995.26611          0.0000
9.8          0.1960 2499999995.20374          0.0000
9.9          0.1980 2499999995.14137          0.0000
10.0          0.2000 2499999995.07900          0.0000
