 n    Epsilon_{11}      Sigma_{11}    Epsilon_{22}
                         
0.0          0.0000         0.00000          0.0000
0.1          0.0020 110000000.00000         -0.0007
0.2          0.0040 220000000.00000         -0.0013
0.3          0.0060 330000000.00000         -0.0020
0.4          0.0080 440000000.00000         -0.0026
0.5          0.0100 550000000.00000         -0.0033
0.6          0.0120 660000000.00000         -0.0040
0.7          0.0140 770000000.00000         -0.0046
0.8          0.0160 880000000.00000         -0.0053
0.9          0.0180 990000000.00000         -0.0059
1.0          0.0200 1100000000.00000         -0.0066
1.1          0.0220 1210000000.00000         -0.0073
1.2          0.0240 1320000000.00000         -0.0079
1.3          0.0260 1430000000.00000         -0.0086
1.4          0.0280 1540000000.00000         -0.0092
1.5          0.0300 1650000000.00000         -0.0099
1.6          0.0320 1760000000.00000         -0.0106
1.7          0.0340 1870000000.00000         -0.0112
1.8          0.0360 1980000000.00000         -0.0119
1.9          0.0380 2090000000.00000         -0.0125
2.0          0.0400 2200000000.00000         -0.0132
2.1          0.0420 2310000000.00000         -0.0139
2.2          0.0440 2420000000.00000         -0.0145
2.3          0.0460 2499999999.95263         -0.0152
2.4          0.0480 2499999999.77895         -0.0158
2.5          0.0500 2499999999.60526         -0.0165
2.6          0.0520 2499999999.43158         -0.0172
2.7          0.0540 2499999999.25789         -0.0178
2.8          0.0560 2499999999.08421         -0.0185
2.9          0.0580 2499999998.91053         -0.0191
3.0          0.0600 2499999998.73684         -0.0198
3.1          0.0620 2499999998.56316         -0.0205
3.2          0.0640 2499999998.38947         -0.0211
3.3          0.0660 2499999998.21579         -0.0218
3.4          0.0680 2499999998.04211         -0.0224
3.5          0.0700 2499999997.86842         -0.0231
3.6          0.0720 2499999997.69474         -0.0238
3.7          0.0740 2499999997.52105         -0.0244
3.8          0.0760 2499999997.34737         -0.0251
3.9          0.0780 2499999997.17368         -0.0257
4.0          0.0800 2499999997.00000         -0.0264
4.1          0.0820 2499999996.82632         -0.0271
4.2          0.0840 2499999996.65263         -0.0277
4.3          0.0860 2499999996.47895         -0.0284
4.4          0.0880 2499999996.30526         -0.0290
4.5          0.0900 2499999996.13158         -0.0297
4.6          0.0920 2499999995.95790         -0.0304
4.7          0.0940 2499999995.78421         -0.0310
4.8          0.0960 2499999995.61053         -0.0317
4.9          0.0980 2499999995.43684         -0.0323
5.0          0.1000 2499999995.26316         -0.0330
5.1          0.1020 2499999995.08947         -0.0337
5.2          0.1040 2499999994.91579         -0.0343
5.3          0.1060 2499999994.74211         -0.0350
5.4          0.1080 2499999994.56842         -0.0356
5.5          0.1100 2499999994.39474         -0.0363
5.6          0.1120 2499999994.22105         -0.0370
5.7          0.1140 2499999994.04737         -0.0376
5.8          0.1160 2499999993.87368         -0.0383
5.9          0.1180 2499999993.70000         -0.0389
6.0          0.1200 2499999993.52632         -0.0396
6.1          0.1220 2499999993.35263         -0.0403
6.2          0.1240 2499999993.17895         -0.0409
6.3          0.1260 2499999993.00526         -0.0416
6.4          0.1280 2499999992.83158         -0.0422
6.5          0.1300 2499999992.65789         -0.0429
6.6          0.1320 2499999992.48421         -0.0436
6.7          0.1340 2499999992.31053         -0.0442
6.8          0.1360 2499999992.13684         -0.0449
6.9          0.1380 2499999991.96316         -0.0455
7.0          0.1400 2499999991.78947         -0.0462
7.1          0.1420 2499999991.61579         -0.0469
7.2          0.1440 2499999991.44211         -0.0475
7.3          0.1460 2499999991.26842         -0.0482
7.4          0.1480 2499999991.09474         -0.0488
7.5          0.1500 2499999990.92105         -0.0495
7.6          0.1520 2499999990.74737         -0.0502
7.7          0.1540 2499999990.57368         -0.0508
7.8          0.1560 2499999990.40000         -0.0515
7.9          0.1580 2499999990.22632         -0.0521
8.0          0.1600 2499999990.05263         -0.0528
8.1          0.1620 2499999989.87895         -0.0535
8.2          0.1640 2499999989.70526         -0.0541
8.3          0.1660 2499999989.53158         -0.0548
8.4          0.1680 2499999989.35789         -0.0554
8.5          0.1700 2499999989.18421         -0.0561
8.6          0.1720 2499999989.01053         -0.0568
8.7          0.1740 2499999988.83684         -0.0574
8.8          0.1760 2499999988.66316         -0.0581
8.9          0.1780 2499999988.48947         -0.0587
9.0          0.1800 2499999988.31579         -0.0594
9.1          0.1820 2499999988.14210         -0.0601
9.2          0.1840 2499999987.96842         -0.0607
9.3          0.1860 2499999987.79474         -0.0614
9.4          0.1880 2499999987.62105         -0.0620
9.5          0.1900 2499999987.44737         -0.0627
9.6          0.1920 2499999987.27368         -0.0634
9.7          0.1940 2499999987.10000         -0.0640
9.8          0.1960 2499999986.92632         -0.0647
9.9          0.1980 2499999986.75263         -0.0653
10.0          0.2000 2499999986.57895         -0.0660
