 n    Epsilon_{11}      Sigma_{11}    Epsilon_{22}    Epsilon_{33}
                         
0.0         0.00000         0.00000         0.00000         0.00000
0.1         0.00200 110000000.00002        -0.00066        -0.00066
0.2         0.00400 220000000.00000        -0.00132        -0.00132
0.3         0.00600 329999999.99998        -0.00198        -0.00198
0.4         0.00800 439999999.99998        -0.00264        -0.00264
0.5         0.01000 550000000.00000        -0.00330        -0.00330
0.6         0.01200 659999999.99998        -0.00396        -0.00396
0.7         0.01400 769999999.99998        -0.00462        -0.00462
0.8         0.01600 880000000.00000        -0.00528        -0.00528
0.9         0.01800 989999999.99998        -0.00594        -0.00594
1.0         0.02000 1100000000.00000        -0.00660        -0.00660
1.1         0.02200 1210000000.00000        -0.00726        -0.00726
1.2         0.02400 1320000000.00000        -0.00792        -0.00792
1.3         0.02600 1430000000.00000        -0.00858        -0.00858
1.4         0.02800 1540000000.00000        -0.00924        -0.00924
1.5         0.03000 1650000000.00000        -0.00990        -0.00990
1.6         0.03200 1760000000.00000        -0.01056        -0.01056
1.7         0.03400 1870000000.00000        -0.01122        -0.01122
1.8         0.03600 1980000000.00000        -0.01188        -0.01188
1.9         0.03800 2090000000.00000        -0.01254        -0.01254
2.0         0.04000 2200000000.00000        -0.01320        -0.01320
2.1         0.04200 2310000000.00000        -0.01386        -0.01386
2.2         0.04400 2420000000.00000        -0.01452        -0.01452
2.3         0.04600 2499999842.10485        -0.01518        -0.01518
2.4         0.04800 2499999263.15606        -0.01584        -0.01584
2.5         0.05000 2500003947.34037        -0.01650        -0.01650
2.6         0.05200 2500005684.17211        -0.01716        -0.01716
2.7         0.05400 2500007421.00506        -0.01782        -0.01782
2.8         0.05600 2499996947.36225        -0.01848        -0.01848
2.9         0.05800 2500010894.67457        -0.01914        -0.01914
3.0         0.06000 2500012631.51114        -0.01980        -0.01980
3.1         0.06200 2499995210.51830        -0.02046        -0.02046
3.2         0.06400 2499994631.57058        -0.02112        -0.02112
3.3         0.06600 2499994052.62300        -0.02178        -0.02178
3.4         0.06800 2499993473.67555        -0.02244        -0.02244
3.5         0.07000 2499992894.72824        -0.02310        -0.02310
3.6         0.07200 2499992315.78106        -0.02376        -0.02376
3.7         0.07400 2500024789.40088        -0.02442        -0.02442
3.8         0.07600 2499991157.88710        -0.02508        -0.02508
3.9         0.07800 2499990578.94033        -0.02574        -0.02574
4.0         0.08000 2500029999.94316        -0.02640        -0.02640
4.1         0.08200 2499989421.04718        -0.02706        -0.02706
4.2         0.08400 2499988842.10080        -0.02772        -0.02772
4.3         0.08600 2500035210.49629        -0.02838        -0.02838
4.4         0.08800 2499987684.20845        -0.02904        -0.02904
4.5         0.09000 2500038684.20442        -0.02970        -0.02970
4.6         0.09200 2499986526.31664        -0.03036        -0.03036
4.7         0.09400 2500042157.91737        -0.03102        -0.03102
4.8         0.09600 2499985368.42536        -0.03168        -0.03168
4.9         0.09800 2499984789.47993        -0.03234        -0.03234
5.0         0.10000 2499984210.53463        -0.03300        -0.03300
5.1         0.10200 2499983631.58946        -0.03366        -0.03366
5.2         0.10400 2499983052.64442        -0.03432        -0.03432
5.3         0.10600 2499982473.69952        -0.03498        -0.03498
5.4         0.10800 2500054315.95070        -0.03564        -0.03564
5.5         0.11000 2499981315.81012        -0.03630        -0.03630
5.6         0.11200 2499980736.86563        -0.03696        -0.03696
5.7         0.11400 2499980157.92126        -0.03762        -0.03762
5.8         0.11600 2499979578.97703        -0.03828        -0.03828
5.9         0.11800 2500063000.29643        -0.03894        -0.03894
6.0         0.12000 2500064737.16919        -0.03960        -0.03960
6.1         0.12200 2499977842.14515        -0.04026        -0.04026
6.2         0.12400 2499977263.20145        -0.04092        -0.04092
6.3         0.12600 2499976684.25789        -0.04158        -0.04158
6.4         0.12800 2499976105.31447        -0.04224        -0.04224
6.5         0.13000 2499975526.37118        -0.04290        -0.04290
6.6         0.13200 2499974947.42802        -0.04356        -0.04356
6.7         0.13400 2499974368.48500        -0.04422        -0.04422
6.8         0.13600 2499973789.54211        -0.04488        -0.04488
6.9         0.13800 2499973210.59935        -0.04554        -0.04554
7.0         0.14000 2499972631.65673        -0.04620        -0.04620
7.1         0.14200 2499972052.71424        -0.04686        -0.04686
7.2         0.14400 2499971473.77189        -0.04752        -0.04752
7.3         0.14600 2500087316.62495        -0.04818        -0.04818
7.4         0.14800 2500089053.51460        -0.04884        -0.04884
7.5         0.15000 2499969736.94564        -0.04950        -0.04950
7.6         0.15200 2499969158.00382        -0.05016        -0.05016
7.7         0.15400 2500094264.19082        -0.05082        -0.05082
7.8         0.15600 2500096001.08531        -0.05148        -0.05148
7.9         0.15800 2499967421.17918        -0.05214        -0.05214
8.0         0.16000 2499966842.23789        -0.05280        -0.05280
8.1         0.16200 2499966263.29675        -0.05346        -0.05346
8.2         0.16400 2500102948.67531        -0.05412        -0.05412
8.3         0.16600 2499965105.41486        -0.05478        -0.05478
8.4         0.16800 2499964526.47411        -0.05544        -0.05544
8.5         0.17000 2499963947.53350        -0.05610        -0.05610
8.6         0.17200 2499963368.59303        -0.05676        -0.05676
8.7         0.17400 2499962789.65269        -0.05742        -0.05742
8.8         0.17600 2500113370.09652        -0.05808        -0.05808
8.9         0.17800 2499961631.77241        -0.05874        -0.05874
9.0         0.18000 2500116843.91325        -0.05940        -0.05940
9.1         0.18200 2499960473.89266        -0.06006        -0.06006
9.2         0.18400 2499959894.95299        -0.06072        -0.06072
9.3         0.18600 2500122054.64738        -0.06138        -0.06138
9.4         0.18800 2499958737.07405        -0.06204        -0.06204
9.5         0.19000 2499958158.13478        -0.06270        -0.06270
9.6         0.19200 2499957579.19564        -0.06336        -0.06336
9.7         0.19400 2499957000.25664        -0.06402        -0.06402
9.8         0.19600 2499956421.31777        -0.06468        -0.06468
9.9         0.19800 2499955842.37904        -0.06534        -0.06534
10.0         0.20000 2499955263.44044        -0.06600        -0.06600
