 n    Epsilon_{11}      Sigma_{11}    Epsilon_{22}
                         
0.0          0.0000         0.00000          0.0000
0.2          0.0040 220000000.00000         -0.0013
0.4          0.0080 440000000.00000         -0.0026
0.6          0.0120 660000000.00000         -0.0040
0.8          0.0160 880000000.00000         -0.0053
1.0          0.0200 1100000000.00000         -0.0066
1.2          0.0240 1320000000.00000         -0.0079
1.4          0.0280 1540000000.00000         -0.0092
1.6          0.0320 1760000000.00000         -0.0106
1.8          0.0360 1980000000.00000         -0.0119
2.0          0.0400 2200000000.00000         -0.0132
2.2          0.0440 2420000000.00000         -0.0145
2.4          0.0480 2336329036.43751         -0.0158
2.6          0.0520 2290164427.43028         -0.0172
2.8          0.0560 2231628503.34718         -0.0185
3.0          0.0600 2163493899.62584         -0.0198
3.2          0.0640 2088117583.01226         -0.0211
3.4          0.0680 2007494855.01632         -0.0224
3.6          0.0720 1923306841.41188         -0.0238
3.8          0.0760 1836962218.50036         -0.0251
4.0          0.0800 1749633842.96576         -0.0264
4.2          0.0840 1662290877.42634         -0.0277
4.4          0.0880 1575726937.24829         -0.0290
4.6          0.0920 1490584724.94897         -0.0304
4.8          0.0960 1407377565.79478         -0.0317
5.0          0.1000 1326508211.28696         -0.0330
5.2          0.1040 1248285235.50057         -0.0343
5.4          0.1080 1172937312.13439         -0.0356
5.6          0.1120 1100625627.14193         -0.0370
5.8          0.1160 1031454652.49758         -0.0383
6.0          0.1200 965481480.60733         -0.0396
6.2          0.1240 902723895.74341         -0.0409
6.4          0.1280 843167338.34718         -0.0422
6.6          0.1320 786770899.82114         -0.0436
6.8          0.1360 733472469.26423         -0.0449
7.0          0.1400 683193139.26861         -0.0462
7.2          0.1440 635840965.18871         -0.0475
7.4          0.1480 591314161.03459         -0.0488
7.6          0.1520 549503805.17049         -0.0502
7.8          0.1560 510296120.17328         -0.0515
8.0          0.1600 473574383.39627         -0.0528
8.2          0.1640 439220517.87826         -0.0541
8.4          0.1680 407116407.13429         -0.0554
8.6          0.1720 377144971.97317         -0.0568
8.8          0.1760 349191042.72743         -0.0581
9.0          0.1800 323142056.08239         -0.0594
9.2          0.1840 298888601.98851         -0.0607
9.4          0.1880 276324842.87983         -0.0620
9.6          0.1920 255348824.54868         -0.0634
9.8          0.1960 235862695.50112         -0.0647
10.0          0.2000 217772849.39616         -0.0660
