      0             0
   0.10000E-01   4.20004     
   0.20000E-01   8.40008     
   0.30000E-01   12.6001     
   0.40000E-01   16.8002     
   0.50000E-01   21.0002     
   0.60000E-01   25.2003     
   0.70000E-01   29.4003     
   0.80000E-01   33.6003     
   0.90000E-01   37.8004     
   0.10000       42.0004     
   0.11000       46.2005     
   0.12000       50.4005     
   0.13000       54.6005     
   0.14000       58.8006     
   0.15000       63.0006     
   0.16000       67.2007     
   0.17000       71.4007     
   0.18000       75.6008     
   0.19000       79.8008     
   0.20000       84.0008     
   0.21000       88.2009     
   0.22000       92.4009     
   0.23000       96.6010     
   0.24000       100.801     
   0.25000       105.001     
   0.26000       109.201     
   0.27000       113.401     
   0.28000       117.601     
   0.29000       121.801     
   0.30000       126.001     
   0.31000       130.201     
   0.32000       134.401     
   0.33000       132.763     
   0.34000       130.115     
   0.35000       127.410     
   0.36000       124.659     
   0.37000       121.873     
   0.38000       119.063     
   0.39000       116.236     
   0.40000       113.403     
   0.41000       110.569     
   0.42000       107.742     
   0.43000       104.927     
   0.44000       102.131     
   0.45000       99.3582     
   0.46000       96.6128     
   0.47000       93.8989     
   0.48000       91.2199     
   0.49000       88.5789     
   0.50000       85.9785     
   0.51000       83.4211     
   0.52000       80.9086     
   0.53000       78.4428     
   0.54000       76.0251     
   0.55000       73.6566     
   0.56000       71.3384     
   0.57000       69.0710     
   0.58000       66.8552     
   0.59000       64.6912     
   0.60000       62.5793     
   0.61000       60.5195     
   0.62000       58.5118     
   0.63000       56.5560     
   0.64000       54.6518     
   0.65000       52.7988     
   0.66000       50.9966     
   0.67000       49.2446     
   0.68000       47.5422     
   0.69000       45.8887     
   0.70000       44.2835     
   0.71000       42.7256     
   0.72000       41.2145     
   0.73000       39.7491     
   0.74000       38.3286     
   0.75000       36.9521     
   0.76000       35.6188     
   0.77000       34.3276     
   0.78000       33.0776     
   0.79000       31.8680     
   0.80000       30.6976     
   0.81000       29.5657     
   0.82000       28.4711     
   0.83000       27.4130     
   0.84000       26.3904     
   0.85000       25.4023     
   0.86000       24.4479     
   0.87000       23.5262     
   0.88000       22.6362     
   0.89000       21.7771     
   0.90000       20.9479     
   0.91000       20.1479     
   0.92000       19.3760     
   0.93000       18.6316     
   0.94000       17.9137     
   0.95000       17.2215     
   0.96000       16.5542     
   0.97000       15.9111     
   0.98000       15.2913     
   0.99000       14.6942     
    1.0000       14.1189     

