 n    Epsilon_{11}      Sigma_{11}    Epsilon_{22}      Sigma_{22}    Epsilon_{33}
                         
0.0         0.00000         0.00000         0.00000         0.00000         0.00000
0.1         0.00002         6.26866         0.00002         6.26866        -0.00002
0.2         0.00004        12.53731         0.00004        12.53731        -0.00004
0.3         0.00006        18.80597         0.00006        18.80597        -0.00006
0.4         0.00008        25.07463         0.00008        25.07463        -0.00008
0.5         0.00010        31.34328         0.00010        31.34328        -0.00010
0.6         0.00012        37.61194         0.00012        37.61194        -0.00012
0.7         0.00014        43.88060         0.00014        43.88060        -0.00014
0.8         0.00016        50.14925         0.00016        50.14925        -0.00016
0.9         0.00018        56.41791         0.00018        56.41791        -0.00018
1.0         0.00020        62.68657         0.00020        62.68657        -0.00020
1.1         0.00022        68.95522         0.00022        68.95522        -0.00022
1.2         0.00024        75.22388         0.00024        75.22388        -0.00024
1.3         0.00026        81.49254         0.00026        81.49254        -0.00026
1.4         0.00028        87.76119         0.00028        87.76119        -0.00028
1.5         0.00030        94.02985         0.00030        94.02985        -0.00030
1.6         0.00032       100.29851         0.00032       100.29851        -0.00032
1.7         0.00034       106.56716         0.00034       106.56716        -0.00033
1.8         0.00036       112.83582         0.00036       112.83582        -0.00035
1.9         0.00038       119.10448         0.00038       119.10448        -0.00037
2.0         0.00040       125.37313         0.00040       125.37313        -0.00039
2.1         0.00042       131.64179         0.00042       131.64179        -0.00041
2.2         0.00044       137.91045         0.00044       137.91045        -0.00043
2.3         0.00046       144.17910         0.00046       144.17910        -0.00045
2.4         0.00048       150.44776         0.00048       150.44776        -0.00047
2.5         0.00050       156.71642         0.00050       156.71642        -0.00049
2.6         0.00052       162.98507         0.00052       162.98507        -0.00051
2.7         0.00054       169.25373         0.00054       169.25373        -0.00053
2.8         0.00056       175.52239         0.00056       175.52239        -0.00055
2.9         0.00058       181.79104         0.00058       181.79104        -0.00057
3.0         0.00060       188.05970         0.00060       188.05970        -0.00059
3.1         0.00062       194.32836         0.00062       194.32836        -0.00061
3.2         0.00064       200.59701         0.00064       200.59701        -0.00063
3.3         0.00066       206.86567         0.00066       206.86567        -0.00065
3.4         0.00068       213.13433         0.00068       213.13433        -0.00067
3.5         0.00070       219.40299         0.00070       219.40299        -0.00069
3.6         0.00072       225.67164         0.00072       225.67164        -0.00071
3.7         0.00074       231.94030         0.00074       231.94030        -0.00073
3.8         0.00076       238.20896         0.00076       238.20896        -0.00075
3.9         0.00078       244.47761         0.00078       244.47761        -0.00077
4.0         0.00080       250.74627         0.00080       250.74627        -0.00079
4.1         0.00082       257.01493         0.00082       257.01493        -0.00081
4.2         0.00084       263.28358         0.00084       263.28358        -0.00083
4.3         0.00086       269.55224         0.00086       269.55224        -0.00085
4.4         0.00088       275.82090         0.00088       275.82090        -0.00087
4.5         0.00090       282.08955         0.00090       282.08955        -0.00089
4.6         0.00092       288.35821         0.00092       288.35821        -0.00091
4.7         0.00094       294.62687         0.00094       294.62687        -0.00093
4.8         0.00096       296.64705         0.00096       300.29171        -0.00094
4.9         0.00098       291.03784         0.00098       298.76228        -0.00095
5.0         0.00100       285.54755         0.00100       296.56950        -0.00095
5.1         0.00102       280.24458         0.00102       294.28476        -0.00095
5.2         0.00104       274.63936         0.00104       288.42292        -0.00097
5.3         0.00106       269.24584         0.00106       282.78250        -0.00099
5.4         0.00108       264.05225         0.00108       277.35120        -0.00101
5.5         0.00110       259.04769         0.00110       272.11761        -0.00103
5.6         0.00112       254.22203         0.00112       267.07113        -0.00105
5.7         0.00114       249.56585         0.00114       262.20193        -0.00106
5.8         0.00116       245.07040         0.00116       257.50083        -0.00108
5.9         0.00118       240.72749         0.00118       252.95928        -0.00110
6.0         0.00120       236.52950         0.00120       248.56931        -0.00112
6.1         0.00122       232.46930         0.00122       244.32346        -0.00114
6.2         0.00124       228.54023         0.00124       240.21475        -0.00116
6.3         0.00126       224.73604         0.00126       236.23667        -0.00118
6.4         0.00128       221.05087         0.00128       232.38308        -0.00119
6.5         0.00130       217.47924         0.00130       228.64824        -0.00121
6.6         0.00132       214.01598         0.00132       225.02675        -0.00123
6.7         0.00134       210.65624         0.00134       221.51354        -0.00125
6.8         0.00136       207.39545         0.00136       218.10383        -0.00127
6.9         0.00138       204.22932         0.00138       214.79311        -0.00129
7.0         0.00140       201.15377         0.00140       211.57716        -0.00130
7.1         0.00142       198.16500         0.00142       208.45195        -0.00132
7.2         0.00144       195.25937         0.00144       205.41372        -0.00134
7.3         0.00146       192.43348         0.00146       202.45888        -0.00136
7.4         0.00148       189.68408         0.00148       199.58406        -0.00138
7.5         0.00150       187.00813         0.00150       196.78606        -0.00140
7.6         0.00152       184.40272         0.00152       194.06184        -0.00142
7.7         0.00154       181.86510         0.00154       191.40853        -0.00143
7.8         0.00156       179.39267         0.00156       188.82341        -0.00145
7.9         0.00158       176.98295         0.00158       186.30387        -0.00147
8.0         0.00160       174.63359         0.00160       183.84747        -0.00149
8.1         0.00162       172.34235         0.00162       181.45187        -0.00151
8.2         0.00164       170.10710         0.00164       179.11483        -0.00153
8.3         0.00166       167.92583         0.00166       176.83425        -0.00155
8.4         0.00168       165.79660         0.00168       174.60811        -0.00156
8.5         0.00170       163.71758         0.00170       172.43448        -0.00158
8.6         0.00172       161.68702         0.00172       170.31154        -0.00160
8.7         0.00174       159.70325         0.00174       168.23753        -0.00162
8.8         0.00176       157.76466         0.00176       166.21080        -0.00164
8.9         0.00178       155.86974         0.00178       164.22974        -0.00166
9.0         0.00180       154.01703         0.00180       162.29283        -0.00167
9.1         0.00182       152.20514         0.00182       160.39862        -0.00169
9.2         0.00184       150.43274         0.00184       158.54572        -0.00171
9.3         0.00186       148.69856         0.00186       156.73279        -0.00173
9.4         0.00188       147.00137         0.00188       154.95856        -0.00175
9.5         0.00190       145.34000         0.00190       153.22180        -0.00177
9.6         0.00192       143.71335         0.00192       151.52134        -0.00178
9.7         0.00194       142.12032         0.00194       149.85607        -0.00180
9.8         0.00196       140.55990         0.00196       148.22491        -0.00182
9.9         0.00198       139.03110         0.00198       146.62681        -0.00184
10.0         0.00200       137.53296         0.00200       145.06079        -0.00186
